WEEKFOPE,NROTICKC,WEEKIOPE,NROTICKC,WEEKIOPE
4,35,4,,
6,78,42,26.0,6.0
7,109,66,,
8,124,165,43.0,66.0
9,32,59,31.0,50.0
10,46,87,112.0,215.0
11,79,212,206.0,197.0
12,31,91,192.0,231.0
13,34,114,182.0,253.0
14,131,325,165.0,254.0
15,159,293,98.0,142.0
16,103,222,90.0,203.0
17,95,320,199.0,279.0
18,189,390,126.0,243.0
19,28,126,153.0,355.0
20,67,158,102.0,232.0
21,13,123,67.0,126.0
22,116,304,66.0,237.0
23,18,179,119.0,498.0
24,152,422,149.0,636.0
25,58,293,56.0,294.0
26,101,382,142.0,354.0
27,48,237,107.0,423.0
28,157,471,83.0,469.0
29,60,484,169.0,513.0
30,48,297,90.0,412.0
31,21,245,11.0,30.0
32,166,730,29.0,192.0
33,209,524,68.0,451.0
34,284,672,73.0,268.0
35,92,277,97.0,517.0
36,122,426,179.0,818.0
37,143,507,231.0,581.0
38,241,749,219.0,1014.0
39,179,771,269.0,690.0
40,221,1024,76.0,277.0
41,214,729,91.0,283.0
42,218,746,,
43,257,724,,
44,281,1129,,
45,252,757,,
46,316,1049,,
47,289,793,,
48,336,1140,,
49,184,874,,
50,132,943,,
